0	0
1	0
2	0
3	0
4	0
5	0
6	0
7	5
8	38
9	120
10	171
11	151
12	221
13	274
14	434
15	525
16	644
17	648
18	845
19	966
20	1039
21	1179
22	1342
23	1383
24	1326
25	1375
26	1342
27	1290
28	1173
29	1152
30	1103
31	1981
32	3484
33	4117
34	4409
35	3421
36	2461
37	1945
38	1598
39	1230
40	901
41	734
42	794
43	807
44	881
45	839
46	814
47	669
48	618
49	568
50	637
51	563
52	617
53	611
54	580
55	577
56	599
57	632
58	633
59	603
60	644
61	626
62	666
63	696
64	704
65	673
66	662
67	635
68	740
69	712
70	747
71	764
72	759
73	813
74	846
75	803
76	837
77	781
78	825
79	868
80	891
81	849
82	841
83	891
84	942
85	851
86	915
87	927
88	953
89	1004
90	1029
91	963
92	894
93	915
94	866
95	824
96	905
97	896
98	858
99	856
100	784
101	804
102	853
103	853
104	856
105	862
106	858
107	888
108	908
109	906
110	897
111	878
112	821
113	835
114	853
115	780
116	869
117	873
118	828
119	909
120	962
121	893
122	990
123	980
124	966
125	883
126	925
127	958
128	859
129	907
130	885
131	864
132	765
133	818
134	762
135	770
136	848
137	838
138	759
139	774
140	812
141	753
142	805
143	725
144	743
145	752
146	663
147	749
148	810
149	710
150	770
151	763
152	645
153	751
154	785
155	740
156	752
157	747
158	795
159	803
160	789
161	849
162	878
163	862
164	900
165	846
166	857
167	885
168	793
169	916
170	836
171	824
172	920
173	861
174	896
175	932
176	940
177	924
178	947
179	977
180	1020
181	993
182	987
183	1052
184	1091
185	940
186	1131
187	1203
188	1181
189	1219
190	1348
191	1344
192	1380
193	1395
194	1478
195	1555
196	1507
197	1551
198	1618
199	1695
200	1752
201	1659
202	1999
203	2169
204	2243
205	2190
206	2450
207	2436
208	2506
209	2698
210	2605
211	2673
212	2900
213	2830
214	2942
215	2872
216	2969
217	2667
218	2713
219	2717
220	3002
221	3021
222	2892
223	2804
224	2729
225	2615
226	2386
227	2371
228	2327
229	2146
230	2094
231	1992
232	1891
233	1693
234	1692
235	1343
236	1495
237	1336
238	1142
239	1115
240	1055
241	905
242	880
243	816
244	764
245	739
246	681
247	685
248	643
249	668
250	619
251	603
252	619
253	509
254	563
255	21521
